0.2672
0.0187
0.2429
0.0718
0.2102
0.0182
0.5598
0.5565
0.3006
0.4327
0.3867
0.018
0.0962
0.2281
0.2464
0.3092
0.8092
0.167
0.227
0.4452
0.2326
0.2331
0.311
0.3505
0.4609
0.0748
0.2279
0.3335
0.0185
0.4208
0.354
0.6133
0.2885
0.3676
0.0184
0.3964
0.0182
0.5412
0.3373
0.8209
0.3707
0.8478
0.0184
0.5831
0.2147
0.1815
0.5106
0.1328
0.342
0.8191
0.5825
0.3723
0.3014
0.7425
0.3631
0.0181
0.223
0.7522
0.4285
0.0944
0.0184
0.0662
0.8204
0.3234
0.1572
0.3042
0.7028
0.361
0.4701
0.0184
0.1363
0.2448
0.185
0.4616
0.3316
0.2006
0.1123
0.1981
0.221
0.0466
0.3635
0.3263
0.1281
0.3929
0.0181
0.4678
0.264
0.3165
0.1732
0.0544
0.5809
0.2987
0.0183
0.4232
0.0366
0.4626
0.4696
0.1296
0.4951
0.6621

